1 8 0 0 8 0 30
2 8 0 30 8 1 36
3 8 1 36 8 1 39
4 8 1 39 8 4 17
5 8 4 17 8 5 56
6 8 5 56 8 6 37
7 8 6 37 8 6 51
8 8 6 51 8 10 57
9 8 10 57 8 12 43
10 8 12 43 8 13 30
11 8 13 30 8 15 43
12 8 15 43 8 17 13
13 8 17 13 8 17 38
14 8 17 38 8 18 4
15 8 18 4 8 20 39
16 8 20 39 8 20 40
17 8 20 40 8 22 17
18 8 22 17 8 24 51
19 8 24 51 8 25 54
20 8 25 54 8 29 40
21 8 29 40 8 31 42
22 8 31 42 8 33 27
23 8 33 27 8 34 10
24 8 34 10 8 34 26
25 8 34 26 8 35 0
26 8 35 0 8 35 40
27 8 35 40 8 39 22
28 8 39 22 8 41 11
29 8 41 11 8 43 42
30 8 43 42 8 44 23
31 8 44 23 8 45 42
32 8 45 42 8 45 53
33 8 45 53 8 47 47
34 8 47 47 8 49 1
35 8 49 1 8 50 44
36 8 50 44 8 52 29
37 8 52 29 8 55 22
38 8 55 22 8 56 5
39 8 56 5 8 56 53
40 8 56 53 8 57 42
41 8 57 42 9 1 51
42 9 1 51 9 2 27
43 9 2 27 9 6 1
44 9 6 1 9 7 29
45 9 7 29 9 8 42
46 9 8 42 9 8 57
47 9 8 57 9 10 4
48 9 10 4 9 10 10
49 9 10 10 9 11 25
50 9 11 25 9 13 12
51 9 13 12 9 13 38
52 9 13 38 9 14 44
53 9 14 44 9 19 11
54 9 19 11 9 20 39
55 9 20 39 9 23 31
56 9 23 31 9 24 48
57 9 24 48 9 26 28
58 9 26 28 9 28 6
59 9 28 6 9 28 43
60 9 28 43 9 29 24
61 9 29 24 9 33 14
62 9 33 14 9 34 13
63 9 34 13 9 35 55
64 9 35 55 9 38 50
65 9 38 50 9 39 28
66 9 39 28 9 39 44
67 9 39 44 9 41 36
68 9 41 36 9 41 52
69 9 41 52 9 43 46
70 9 43 46 9 48 8
71 9 48 8 9 48 47
72 9 48 47 9 49 46
73 9 49 46 9 50 1
74 9 50 1 9 54 9
75 9 54 9 9 55 39
76 9 55 39 9 58 1
77 9 58 1 10 0 22
78 10 0 22 10 1 15
79 10 1 15 10 4 22
80 10 4 22 10 6 41
81 10 6 41 10 9 30
82 10 9 30 10 10 48
83 10 10 48 10 13 37
84 10 13 37 10 16 18
85 10 16 18 10 19 2
86 10 19 2 10 20 10
87 10 20 10 10 21 18
88 10 21 18 10 22 37
89 10 22 37 10 25 45
90 10 25 45 10 25 47
91 10 25 47 10 26 55
92 10 26 55 10 28 45
93 10 28 45 10 30 20
94 10 30 20 10 31 25
95 10 31 25 10 35 31
96 10 35 31 10 38 18
97 10 38 18 10 40 0
98 10 40 0 10 40 28
99 10 40 28 10 42 59
100 10 42 59 10 45 6
101 10 45 6 10 45 50
102 10 45 50 10 46 17
103 10 46 17 10 48 0
104 10 48 0 10 48 7
105 10 48 7 10 49 4
106 10 49 4 10 51 12
107 10 51 12 10 51 44
108 10 51 44 10 52 15
109 10 52 15 10 54 0
110 10 54 0 10 54 53
111 10 54 53 10 56 1
112 10 56 1 10 56 4
113 10 56 4 10 59 34
114 10 59 34 11 1 46
115 11 1 46 11 2 44
116 11 2 44 11 3 17
117 11 3 17 11 5 29
118 11 5 29 11 5 40
119 11 5 40 11 8 54
120 11 8 54 11 9 50
121 11 9 50 11 12 25
122 11 12 25 11 14 29
123 11 14 29 11 15 15
124 11 15 15 11 15 52
125 11 15 52 11 18 59
126 11 18 59 11 19 37
127 11 19 37 11 20 27
128 11 20 27 11 24 19
129 11 24 19 11 24 48
130 11 24 48 11 25 14
131 11 25 14 11 26 52
132 11 26 52 11 29 18
133 11 29 18 11 30 6
134 11 30 6 11 32 32
135 11 32 32 11 33 36
136 11 33 36 11 36 4
137 11 36 4 11 37 5
138 11 37 5 11 38 57
139 11 38 57 11 41 13
140 11 41 13 11 43 50
141 11 43 50 11 44 0
142 11 44 0 11 45 48
143 11 45 48 11 47 27
144 11 47 27 11 47 51
145 11 47 51 11 48 54
146 11 48 54 11 51 36
147 11 51 36 11 52 18
148 11 52 18 11 53 12
149 11 53 12 11 53 34
150 11 53 34 11 54 26
151 11 54 26 11 55 25
152 11 55 25 11 55 37
153 11 55 37 11 57 10
154 11 57 10 11 57 43
155 11 57 43 11 58 37
156 11 58 37 12 0 22
157 12 0 22 12 2 29
158 12 2 29 12 3 46
