7 22 1
7 23 7
7 24 1
7 25 14
7 25 14
7 26 15
7 26 20
7 26 20
7 27 18
7 27 18
7 28 9
7 28 20
7 29 8
7 29 8
7 29 15
7 29 46
7 29 46
7 31 21
7 31 21
7 32 12
7 32 37
7 33 29
7 33 32
7 33 48
7 34 58
7 36 14
7 36 14
7 37 7
7 37 7
7 37 1
7 37 25
7 37 36
7 39 11
7 39 25
7 40 35
7 40 35
7 40 22
7 42 20
7 42 20
7 42 6
7 43 42
7 43 42
7 43 52
7 43 53
7 45 21
7 45 21
7 45 21
7 45 36
7 45 36
7 45 36
7 47 4
7 47 43
7 48 48
7 48 48
7 49 34
7 50 24
7 50 44
7 50 44
7 52 13
7 52 13
7 52 13
7 53 16
7 53 31
7 54 25
7 54 45
7 55 51
7 55 51
7 55 51
7 57 1
7 57 30
7 58 0
7 58 54
7 58 54
7 58 54
7 58 59
7 59 36
8 0 8
8 0 8
8 0 39
8 0 45
8 0 45
8 2 11
8 2 11
8 2 37
8 3 35
8 3 35
8 2 28
8 4 30
8 4 30
8 4 39
8 5 53
8 5 53
8 5 13
8 5 39
8 5 39
8 5 31
8 6 29
8 6 29
8 7 14
8 7 14
8 8 10
8 8 22
8 8 22
8 8 40
8 8 40
8 10 41
8 10 59
8 10 59
8 12 2
8 12 32
8 13 21
8 13 26
8 14 58
8 14 58
8 15 56
8 16 33
8 17 0
8 17 16
8 17 16
8 18 50
8 19 46
8 20 14
8 20 14
8 20 42
8 20 57
8 22 12
8 22 16
8 24 8
8 24 38
8 24 50
8 24 50
8 25 38
8 27 1
8 27 1
8 27 1
8 28 17
8 28 24
8 28 24
8 29 14
8 30 8
8 30 23
8 30 23
8 30 51
8 31 32
8 31 32
8 31 26
8 31 52
8 33 50
8 34 28
8 34 28
8 34 28
8 35 40
8 36 32
8 36 32
8 35 45
8 36 21
8 36 46
8 37 32
8 37 55
8 39 29
8 39 29
8 38 53
8 39 47
8 40 30
8 40 30
8 41 22
8 41 22
8 43 26
8 43 26
8 43 26
8 43 35
8 44 52
8 44 52
8 46 43
8 47 18
8 47 18
8 47 48
8 47 48
8 47 38
8 49 45
8 49 45
8 49 38
8 50 59
8 51 46
8 51 46
8 52 52
8 52 52
8 52 52
8 53 5
8 54 3
8 54 59
8 55 57
8 55 57
8 55 57
8 55 24
8 56 38
8 58 0
8 58 12
8 58 12
8 57 38
8 57 44
9 0 8
9 0 10
9 0 10
9 1 11
9 1 16
9 2 34
9 3 35
9 4 0
9 4 46
9 4 46
9 5 45
9 5 48
9 7 29
9 7 29
9 6 5
9 8 14
9 8 19
9 8 19
9 9 57
9 9 57
9 10 13
9 10 13
9 10 55
9 11 7
9 12 31
9 12 31
9 12 31
9 12 33
9 13 48
9 13 48
9 14 15
9 15 51
9 16 45
9 17 54
9 17 54
9 17 54
9 18 45
9 19 0
9 19 0
9 19 0
9 20 28
9 20 54
9 20 54
9 19 45
9 21 18
9 21 23
9 22 7
9 22 38
9 22 38
9 23 44
9 23 44
9 25 10
9 25 10
9 26 7
9 26 7
9 26 36
9 26 36
9 28 6
9 28 6
9 27 47
9 29 10
9 29 38
9 29 38
9 30 47
9 31 31
9 31 53
9 31 53
9 32 48
9 32 48
9 33 20
9 33 59
9 33 59
9 34 48
9 34 48
9 34 21
9 35 47
9 35 47
9 37 6
9 37 18
9 37 43
9 37 43
9 37 43
9 38 40
9 38 40
9 38 55
9 38 55
9 38 55
9 39 58
9 40 2
9 41 20
9 41 20
9 41 39
9 42 24
9 43 0
9 44 4
9 44 5
9 44 40
9 44 40
9 45 48
9 45 48
9 47 28
9 47 28
9 46 51
9 48 49
9 48 49
9 48 57
9 50 40
9 52 4
9 52 4
9 51 20
9 52 19
9 53 19
9 53 19
9 53 14
9 54 41
9 55 47
9 55 47
9 55 29
9 57 16
9 57 16
9 56 23
9 58 51
9 58 51
9 58 29
9 59 17
9 59 34
10 1 58
10 1 58
10 1 58
10 2 56
10 3 50
10 3 50
10 4 34
10 4 47
10 4 47
10 6 18
10 6 18
10 6 37
10 7 30
10 7 44
10 9 31
10 9 31
10 9 51
10 11 6
10 11 6
10 11 1
10 12 22
10 13 8
10 13 8
10 13 22
10 13 32
10 13 39
10 15 11
10 15 26
10 15 43
10 16 47
10 16 47
10 16 37
10 17 17
10 20 2
10 20 2
10 21 8
10 21 8
10 22 51
10 22 51
10 22 33
10 23 35
10 23 35
10 23 21
10 25 33
10 25 33
10 26 34
10 27 29
10 28 7
10 28 7
10 28 4
10 28 5
10 29 2
10 30 18
10 30 18
10 31 13
10 31 37
10 33 0
10 33 0
10 33 33
10 33 33
10 36 3
10 36 3
10 35 39
10 36 33
10 36 50
10 36 50
10 35 34
10 36 4
10 37 0
10 37 1
10 38 3
10 38 47
10 38 47
10 38 55
10 39 3
10 39 37
10 40 39
10 41 48
10 42 4
10 43 25
10 43 36
10 44 1
10 44 51
10 45 20
10 45 20
10 46 52
10 46 52
10 46 45
10 46 45
10 47 13
10 48 5
10 50 14
10 50 14
10 51 17
10 51 29
10 51 46
10 51 46
10 52 55
10 53 42
10 53 42
10 55 32
10 55 46
10 55 46
10 56 22
10 57 11
10 57 18
10 57 52
11 0 25
11 0 54
11 1 9
11 2 3
11 2 3
11 2 54
11 2 54
11 2 53
11 5 6
11 5 32
11 5 48
11 5 51
11 7 34
11 7 34
11 7 16
11 8 38
11 8 38
11 8 29
11 10 44
11 10 44
11 10 44
11 10 44
11 11 28
11 12 28
11 12 28
11 13 10
11 13 10
11 13 17
11 14 12
11 15 49
11 15 49
11 17 7
11 18 24
11 18 24
11 19 5
11 19 7
11 19 22
11 19 26
11 20 59
11 22 2
11 22 2
11 22 30
11 24 23
11 24 23
11 23 44
11 25 37
11 25 37
11 27 32
11 27 32
11 26 42
11 26 42
11 27 59
11 29 30
11 29 30
11 29 32
11 31 59
11 32 19
11 32 19
11 32 19
11 33 6
11 33 6
11 33 42
11 33 42
11 34 13
11 35 5
11 35 5
11 34 21
11 36 9
11 36 9
11 36 50
11 36 50
11 36 53
11 37 24
11 37 24
11 39 32
11 39 42
11 40 17
11 40 25
11 41 34
11 42 17
11 42 17
11 42 49
11 42 49
11 43 17
11 43 17
11 44 5
11 44 35
11 44 35
11 44 31
11 46 3
11 48 3
11 48 9
11 48 9
11 48 11
11 49 21
11 50 51
11 50 51
11 50 51
11 52 20
11 52 30
11 52 30
11 53 59
11 53 59
11 53 59
11 53 33
11 55 19
11 55 55
11 56 56
11 56 56
11 57 18
11 57 18
11 57 41
11 57 41
11 56 51
11 59 29
11 59 29
11 59 26
11 59 26
11 59 34
12 1 0
12 2 55
12 2 55
12 3 52
12 4 6
12 4 22
12 4 50
12 5 33
12 5 33
12 6 26
12 6 37
12 7 56
12 8 30
12 9 4
12 9 14
12 9 14
12 9 31
12 10 47
12 10 59
12 11 26
12 11 31
12 12 14
12 13 9
12 13 9
12 14 12
12 14 55
12 14 55
12 14 24
12 15 38
12 16 55
12 16 55
12 18 12
12 18 12
12 19 37
12 19 39
12 19 58
12 20 55
12 21 29
12 23 15
12 23 15
12 23 15
12 22 57
12 22 57
12 23 28
12 23 31
12 25 47
12 26 32
12 26 32
12 25 49
12 27 43
12 27 43
12 26 27
12 28 29
12 28 29
12 28 18
12 29 14
12 30 5
12 30 54
12 31 37
12 34 1
12 34 1
12 33 19
12 33 46
12 34 46
12 35 12
12 35 46
12 36 38
12 36 38
12 38 10
12 38 10
12 38 35
12 38 51
12 38 51
12 39 8
12 41 7
12 41 51
12 41 55
12 41 55
12 43 18
12 43 28
12 43 28
12 44 12
12 44 12
12 44 27
12 44 37
12 44 37
12 46 42
12 46 42
12 46 37
12 47 18
12 47 45
12 48 20
12 48 45
12 48 45
12 49 56
12 49 56
12 49 50
12 51 40
12 51 40
12 50 24
12 51 31
12 51 36
12 51 58
12 53 40
12 53 46
12 54 4
12 56 5
12 56 57
12 56 57
12 55 49
12 57 50
12 58 37
12 58 37
12 58 37
12 58 42
12 58 42
12 58 42
12 59 7
12 59 7
12 59 50
13 0 15
13 1 17
13 3 0
13 3 29
13 3 37
13 3 48
13 3 48
13 3 48
13 3 3
13 3 39
13 4 19
13 4 28
13 6 43
13 6 43
13 6 49
13 8 12
13 8 12
13 9 52
13 9 52
13 10 28
13 10 28
13 11 25
13 12 49
13 12 53
13 13 45
13 13 45
13 13 58
13 14 31
13 16 26
13 16 26
13 15 52
13 15 52
13 15 29
13 16 42
13 17 46
13 17 46
13 18 57
13 19 14
13 19 14
13 21 10
13 21 10
13 21 15
13 21 15
13 20 21
13 22 27
13 22 27
13 22 56
13 23 40
13 23 40
13 23 45
13 24 24
13 24 24
13 24 5
13 24 53
13 24 53
13 25 44
13 26 14
13 26 41
13 26 41
13 27 11
13 27 11
13 27 24
13 27 24
13 29 41
13 29 41
13 30 4
13 30 4
13 30 46
13 30 46
13 32 34
13 32 34
13 32 21
13 33 38
13 34 13
13 34 13
13 34 13
13 34 18
13 34 58
13 34 58
13 35 12
13 37 26
13 37 31
13 37 46
13 37 46
13 38 35
13 39 55
13 41 5
13 41 5
13 41 11
13 41 21
13 42 17
13 43 27
13 43 27
13 44 38
13 44 38
13 44 42
13 46 19
13 46 19
13 46 38
13 46 56
13 47 42
13 48 40
13 48 40
13 48 40
13 50 8
13 51 0
13 51 8
13 51 8
13 51 43
13 53 0
13 53 0
13 53 39
13 53 39
13 54 22
13 54 35
13 54 35
13 56 0
13 56 0
13 56 0
13 56 0
13 57 26
13 57 39
13 57 59
13 57 59
13 58 23
13 58 55
14 1 24
14 1 24
14 1 53
14 2 16
14 3 50
14 3 50
14 3 45
14 3 45
14 3 45
14 4 35
14 4 35
14 5 28
14 5 52
14 5 52
14 5 52
14 6 42
14 6 42
14 7 31
14 8 25
14 8 25
14 8 59
14 8 59
14 8 59
14 10 25
14 10 25
14 11 1
14 11 1
14 11 20
14 11 23
14 11 33
14 12 41
14 13 6
14 14 15
14 14 15
14 15 57
14 15 57
14 16 1
14 16 1
14 16 19
14 18 49
14 18 49
14 19 11
14 21 13
14 21 13
14 20 51
14 22 46
14 22 46
14 23 22
14 24 4
14 24 4
14 25 53
14 25 53
14 24 15
14 26 53
14 27 27
14 27 27
14 27 27
14 28 41
14 29 42
14 29 42
14 29 39
14 30 5
14 31 22
14 31 28
14 31 28
14 31 28
14 32 57
14 32 57
14 32 57
14 34 10
14 34 45
14 34 45
14 34 49
14 34 49
14 37 8
14 37 8
14 37 8
14 37 43
14 37 43
14 37 43
14 38 34
14 38 58
14 39 34
14 39 34
14 39 36
14 40 21
14 40 21
14 41 6
14 41 6
14 42 49
14 42 49
14 43 42
14 43 46
14 43 54
14 43 54
14 43 36
14 44 39
14 44 41
14 44 48
14 46 4
14 46 4
14 45 5
14 45 38
14 45 38
14 47 40
14 47 40
14 48 27
14 49 21
14 49 21
14 50 4
14 50 42
14 50 42
14 50 15
14 52 16
14 52 29
14 52 29
14 53 40
14 53 40
14 53 40
14 55 7
14 55 24
14 55 24
14 56 19
14 56 19
14 57 56
14 58 20
14 58 20
14 58 51
15 0 26
15 0 26
15 0 1
15 0 35
15 1 11
15 3 52
15 4 10
15 4 10
15 4 2
15 4 43
15 5 23
15 5 23
15 6 7
15 8 24
15 9 15
15 9 18
15 9 18
15 8 55
15 9 43
15 10 35
15 10 35
15 9 58
15 11 46
15 11 46
15 12 37
15 12 44
15 12 59
15 15 1
15 15 1
15 15 1
15 15 42
15 15 42
15 15 53
15 17 49
15 17 49
15 18 26
15 18 30
15 18 45
15 18 45
15 19 54
15 20 22
15 20 22
15 20 15
15 20 44
15 20 48
15 21 42
15 23 42
15 24 30
15 24 30
15 23 16
15 23 23
15 25 17
15 25 17
15 24 35
15 25 26
15 25 36
15 25 44
15 26 36
15 27 2
15 28 47
15 29 6
15 29 6
15 30 6
15 30 16
15 31 50
15 31 50
15 31 41
15 32 7
15 32 7
15 32 7
15 33 42
15 34 1
15 34 1
15 34 1
15 35 11
15 35 47
15 35 50
15 35 50
15 36 34
15 37 32
15 37 32
15 38 47
15 39 21
15 39 21
15 39 46
15 39 54
15 39 54
15 41 10
15 41 20
15 41 39
15 41 39
15 43 40
15 43 40
15 45 4
15 45 4
15 45 4
15 45 42
15 47 1
15 47 1
15 48 15
15 48 15
15 47 59
15 49 7
15 49 34
15 49 34
15 50 57
15 50 58
15 52 54
15 52 54
15 52 1
15 53 5
15 53 44
15 54 29
15 54 53
15 56 16
15 57 15
15 57 15
15 57 21
15 58 32
16 0 59
16 1 17
16 1 17
16 1 17
16 0 17
16 1 31
16 1 31
16 2 54
16 2 54
16 2 44
16 3 2
16 5 20
16 5 57
16 5 57
16 4 44
16 5 12
16 6 21
16 7 34
16 7 36
16 7 36
16 7 26
16 9 6
16 9 6
16 8 46
16 8 46
16 8 46
16 8 54
16 8 54
16 10 54
16 10 54
16 10 54
16 10 18
16 10 59
16 12 38
16 13 45
16 14 48
16 14 48
16 14 58
16 14 58
16 15 12
16 16 23
16 18 23
16 18 23
16 18 13
16 20 14
16 20 31
16 21 12
16 21 12
16 21 12
16 20 12
16 20 12
16 20 55
16 22 9
16 22 32
16 22 32
16 24 29
16 24 46
16 25 23
16 26 48
