36 51000 New York city, NY                          7,428,162  7,322,564     105,598         1.4     1    1       153
06 44000 Los Angeles city, CA                       3,633,591  3,485,499     148,092         4.2     2    2       124
17 14000 Chicago city, IL                           2,799,050  2,783,660      15,390         0.6     3    3       162
48 35000 Houston city, TX                           1,845,967  1,697,873     148,094         8.7     4    4        88
42 60000 Philadelphia city, PA                      1,417,601  1,585,577    -167,976       -10.6     5    5       220
06 66000 San Diego city, CA                         1,238,974  1,111,031     127,943        11.5     6    6        74
04 55000 Phoenix city, AZ                           1,211,466    988,983     222,483        22.5     7   10        31
48 65000 San Antonio city, TX                       1,147,213    997,434     149,779        15.0     8    9        51
48 19000 Dallas city, TX                            1,076,214  1,006,646      69,568         6.9     9    8       103
26 22000 Detroit city, MI                             965,084  1,027,946     -62,862        -6.1    10    7       198
06 68000 San Jose city, CA                            867,675    783,324      84,351        10.8    11   11        76
06 67000 San Francisco city, CA                       746,777    723,959      22,818         3.2    12   14       136
18 36003 Indianapolis city (remainder), IN            738,907    731,726       7,181         1.0    13   13       156
12 35006 Jacksonville city (remainder), FL            695,877    635,042      60,835         9.6    14   16        83
39 18000 Columbus city, OH                            671,247    636,323      34,924         5.5    15   15       114
24 04000 Baltimore city, MD                           632,681    736,014    -103,333       -14.0    16   12       222
48 24000 El Paso city, TX                             612,770    515,652      97,118        18.8    17   22        42
47 48000 Memphis city, TN                             606,109    618,894     -12,785        -2.1    18   18       173
48 05000 Austin city, TX                              587,873    494,290      93,583        18.9    19   25        41
55 53000 Milwaukee city, WI                           572,424    628,300     -55,876        -8.9    20   17       216
25 07000 Boston city, MA                              555,249    574,289     -19,040        -3.3    21   20       182
53 63000 Seattle city, WA                             537,150    516,332      20,818         4.0    22   21       126
37 12000 Charlotte city, NC                           520,829    426,984      93,845        22.0    23   33        33
11 50000 Washington city, DC                          519,000    606,900     -87,900       -14.5    24   19       223
47 52006 Nashville-Davidson (remainder), TN           506,385    488,188      18,197         3.7    25   26       130
41 59000 Portland city, OR                            503,637    486,083      17,554         3.6    26   27       133
48 27000 Fort Worth city, TX                          502,369    448,181      54,188        12.1    27   29        69
39 16000 Cleveland city, OH                           501,662    505,450      -3,788        -0.7    28   23       170
08 20000 Denver city, CO                              499,775    467,549      32,226         6.9    29   28       105
40 55000 Oklahoma City city, OK                       475,322    444,605      30,717         6.9    30   30       104
04 77000 Tucson city, AZ                              466,591    417,139      49,452        11.9    31   34        72
22 55000 New Orleans city, LA                         460,913    496,938     -36,025        -7.2    32   24       209
29 38000 Kansas City city, MO                         437,764    435,121       2,643         0.6    33   31       161
06 43000 Long Beach city, CA                          435,027    429,870       5,157         1.2    34   32       154
51 82000 Virginia Beach city, VA                      433,461    393,089      40,372        10.3    35   39        80
35 02000 Albuquerque city, NM                         420,578    386,988      33,590         8.7    36   40        90
32 40000 Las Vegas city, NV                           418,658    259,834     158,824        61.1    37   63         6
06 64000 Sacramento city, CA                          406,899    395,100      11,799         3.0    38   37       140
06 27000 Fresno city, CA                              404,141    355,444      48,697        13.7    39   48        60
13 04000 Atlanta city, GA                             401,726    393,760       7,966         2.0    40   38       147
15 17000 Honolulu CDP, HI                             395,327    376,937      18,390         4.9    41   41       118
31 37000 Omaha city, NE                               386,742    357,807      28,935         8.1    42   47        96
40 75000 Tulsa city, OK                               381,579    367,167      14,412         3.9    43   44       128
12 45000 Miami city, FL                               369,253    359,790       9,463         2.6    44   46       142
04 46000 Mesa city, AZ                                368,811    290,212      78,599        27.1    45   53        23
06 53000 Oakland city, CA                             365,210    399,886     -34,676        -8.7    46   35       215
27 43000 Minneapolis city, MN                         353,395    368,284     -14,889        -4.0    47   43       186
08 16000 Colorado Springs city, CO                    350,199    283,112      67,087        23.7    48   54        29
42 61000 Pittsburgh city, PA                          336,882    370,139     -33,257        -9.0    49   42       217
20 79000 Wichita city, KS                             335,562    308,652      26,910         8.7    50   51        89
29 65000 St. Louis city, MO                           333,960    396,685     -62,725       -15.8    51   36       224
39 15000 Cincinnati city, OH                          330,914    364,553     -33,639        -9.2    52   45       218
48 04000 Arlington city, TX                           311,962    261,999      49,963        19.1    53   61        40
06 69000 Santa Ana city, CA                           309,290    294,309      14,981         5.1    54   52       116
39 77000 Toledo city, OH                              307,946    332,832     -24,886        -7.5    55   49       211
06 02000 Anaheim city, CA                             300,650    266,625      34,025        12.8    56   59        67
36 11000 Buffalo city, NY                             295,619    327,931     -32,312        -9.9    57   50       219
12 71000 Tampa city, FL                               290,973    280,826      10,147         3.6    58   55       132
48 17000 Corpus Christi city, TX                      281,791    258,439      23,352         9.0    59   64        86
06 62000 Riverside city, CA                           265,721    226,582      39,139        17.3    60   68        46
34 51000 Newark city, NJ                              263,087    275,291     -12,204        -4.4    61   56       188
37 55000 Raleigh city, NC                             261,205    220,425      40,780        18.5    62   74        43
02 03000 Anchorage city, AK                           257,808    226,338      31,470        13.9    63   69        58
27 58000 St. Paul city, MN                            256,213    272,235     -16,022        -5.9    64   57       196
21 48000 Louisville city, KY                          253,128    269,838     -16,710        -6.2    65   58       200
08 04000 Aurora city, CO                              252,956    221,855      31,101        14.0    66   73        56
01 07000 Birmingham city, AL                          249,459    265,940     -16,481        -6.2    67   60       201
06 75000 Stockton city, CA                            245,020    211,495      33,525        15.9    68   75        47
21 46027 Lexington-Fayette, KY                        243,785    225,366      18,419         8.2    69   70        95
12 63000 St. Petersburg city, FL                      234,647    240,368      -5,721        -2.4    70   65       177
48 58016 Plano city, TX                               232,904    128,507     104,397        81.2    71  144         5
34 36000 Jersey City city, NJ                         230,458    228,475       1,983         0.9    72   67       159
51 57000 Norfolk city, VA                             225,875    261,250     -35,375       -13.5    73   62       221
06 03526 Bakersfield city, CA                         222,352    183,959      38,393        20.9    74   91        36
31 28000 Lincoln city, NE                             215,928    192,722      23,206        12.0    75   82        70
36 63000 Rochester city, NY                           214,470    230,872     -16,402        -7.1    76   66       207
12 30000 Hialeah city, FL                             212,547    187,905      24,642        13.1    77   88        65
39 01000 Akron city, OH                               211,822    223,182     -11,360        -5.1    78   71       191
55 48000 Madison city, WI                             210,674    190,816      19,858        10.4    79   85        77
22 05000 Baton Rouge city, LA                         210,667    222,342     -11,675        -5.3    80   72       192
06 26000 Fremont city, CA                             208,620    173,359      35,261        20.3    81  100        38
51 16000 Chesapeake city, VA                          202,759    151,982      50,777        33.4    82  118        15
04 27820 Glendale city, AZ                            201,456    150,867      50,589        33.5    83  120        13
01 50000 Mobile city, AL                              200,206    198,417       1,789         0.9    84   78       158
04 65000 Scottsdale city, AZ                          199,943    130,086      69,857        53.7    85  142         8
06 36000 Huntington Beach city, CA                    199,618    182,899      16,719         9.1    86   92        85
37 28000 Greensboro city, NC                          199,562    191,591       7,971         4.2    87   83       125
18 25000 Fort Wayne city, IN                          196,708    202,995      -6,287        -3.1    88   76       180
01 51000 Montgomery city, AL                          195,690    190,831       4,859         2.5    89   84       144
48 29000 Garland city, TX                             193,272    180,844      12,428         6.9    90   94       107
36 84000 Yonkers city, NY                             191,458    188,185       3,273         1.7    91   87       149
19 21000 Des Moines city, IA                          190,958    193,333      -2,375        -1.2    92   81       171
48 45000 Lubbock city, TX                             190,002    186,770       3,232         1.7    93   89       150
51 67000 Richmond city, VA                            189,700    202,713     -13,013        -6.4    94   77       203
06 65000 San Bernardino city, CA                      188,924    171,209      17,715        10.3    95  103        78
06 48354 Modesto city, CA                             188,253    166,430      21,823        13.1    96  107        66
22 70000 Shreveport city, LA                          187,393    198,402     -11,009        -5.5    97   79       194
06 30000 Glendale city, CA                            186,903    180,060       6,843         3.8    98   95       129
13 04204 Augusta-Richmond County (remainder), GA      186,206    186,177          29         0.0    99   90       165
26 34000 Grand Rapids city, MI                        185,009    189,673      -4,664        -2.5   100   86       178
53 67000 Spokane city, WA                             184,323    178,120       6,203         3.5   101   97       135
48 41464 Laredo city, TX                              183,160    125,029      58,131        46.5   102  149        10
13 19007 Columbus city (remainder), GA                181,547    178,685       2,862         1.6   103   96       151
28 36000 Jackson city, MS                             180,664    196,575     -15,911        -8.1   104   80       213
12 53000 Orlando city, FL                             180,308    163,435      16,873        10.3   105  109        79
53 70000 Tacoma city, WA                              180,020    177,341       2,679         1.5   106   98       152
48 37000 Irving city, TX                              179,520    155,130      24,390        15.7   107  116        48
37 19000 Durham city, NC                              179,212    148,450      30,762        20.7   108  122        37
51 56000 Newport News city, VA                        179,138    171,477       7,661         4.5   109  102       120
01 37000 Huntsville city, AL                          177,893    160,372      17,521        10.9   110  110        75
05 41000 Little Rock city, AR                         176,136    177,086        -950        -0.5   111   99       168
47 40000 Knoxville city, TN                           174,860    173,186       1,674         1.0   112  101       157
51 03000 Arlington CDP, VA                            174,838    170,885       3,953         2.3   113  104       146
48 03000 Amarillo city, TX                            171,959    157,861      14,098         8.9   114  114        87
49 67000 Salt Lake City city, UT                      171,151    159,952      11,199         7.0   115  112       100
39 21000 Dayton city, OH                              169,338    182,393     -13,055        -7.2   116   93       208
04 12000 Chandler city, AZ                            169,053     90,703      78,350        86.4   117  210         3
16 08830 Boise City city, ID                          168,370    135,150      33,220        24.6   118  134        28
37 75000 Winston-Salem city, NC                       168,086    167,254         832         0.5   119  106       163
04 73000 Tempe city, AZ                               167,740    142,056      25,684        18.1   120  127        44
25 82000 Worcester city, MA                           167,132    169,636      -2,504        -1.5   121  105       172
32 60600 Reno city, NV                                166,650    134,747      31,903        23.7   122  135        30
32 31900 Henderson city, NV                           166,399     65,109     101,290       155.6   123  223         1
06 13392 Chula Vista city, CA                         164,914    135,243      29,671        21.9   124  133        34
06 53322 Oceanside city, CA                           156,538    128,579      27,959        21.7   125  143        35
06 54652 Oxnard city, CA                              156,372    142,458      13,914         9.8   126  126        82
12 24000 Fort Lauderdale city, FL                     154,021    148,779       5,242         3.5   127  121       134
06 29000 Garden Grove city, CA                        153,534    143,660       9,874         6.9   128  125       106
36 73000 Syracuse city, NY                            150,563    163,855     -13,292        -8.1   129  108       214
44 59000 Providence city, RI                          149,887    160,281     -10,394        -6.5   130  111       204
06 49270 Moreno Valley city, CA                       148,895    118,756      30,139        25.4   131  155        26
06 53896 Ontario city, CA                             148,672    133,270      15,402        11.6   132  137        73
34 57000 Paterson city, NJ                            148,645    158,019      -9,374        -5.9   133  113       197
48 10768 Brownsville city, TX                         147,701    115,143      32,558        28.3   134  159        19
25 67000 Springfield city, MA                         147,216    156,964      -9,748        -6.2   135  115       202
47 14000 Chattanooga city, TN                         147,110    152,828      -5,718        -3.7   136  117       185
17 65000 Rockford city, IL                            143,831    143,942        -111        -0.1   137  124       166
20 53775 Overland Park city, KS                       142,783    111,798      30,985        27.7   138  168        21
06 36770 Irvine city, CA                              142,744    111,416      31,328        28.1   139  169        20
29 70000 Springfield city, MO                         142,669    141,115       1,554         1.1   140  130       155
26 84000 Warren city, MI                              141,008    145,080      -4,072        -2.8   141  123       179
20 36000 Kansas City city, KS                         139,971    151,344     -11,373        -7.5   142  119       212
06 80000 Torrance city, CA                            138,999    133,243       5,756         4.3   143  138       123
08 43000 Lakewood city, CO                            137,916    126,156      11,760         9.3   144  147        84
06 58072 Pomona city, CA                              137,629    132,328       5,301         4.0   145  139       127
51 35000 Hampton city, VA                             137,193    133,773       3,420         2.6   146  136       143
09 08000 Bridgeport city, CT                          137,040    141,555      -4,515        -3.2   147  128       181
06 70098 Santa Rosa city, CA                          136,898    120,499      16,399        13.6   148  153        61
12 70600 Tallahassee city, FL                         135,938    125,448      10,490         8.4   149  148        93
06 56000 Pasadena city, CA                            135,698    131,735       3,963         3.0   150  140       139
06 69088 Santa Clarita city, CA                       133,887    123,610      10,277         8.3   151  150        94
48 56000 Pasadena city, TX                            133,660    119,389      14,271        12.0   152  154        71
12 32000 Hollywood city, FL                           131,828    122,793       9,035         7.4   153  151        97
06 33000 Hayward city, CA                             131,053    114,640      16,413        14.3   154  160        54
26 29000 Flint city, MI                               130,853    141,367     -10,514        -7.4   155  129       210
41 23850 Eugene city, OR                              130,501    113,913      16,588        14.6   156  163        53
41 64900 Salem city, OR                               129,650    108,846      20,804        19.1   157  180        39
13 69000 Savannah city, GA                            129,556    137,628      -8,072        -5.9   158  131       195
17 03012 Aurora city, IL                              129,371    100,279      29,092        29.0   159  200        17
09 37000 Hartford city, CT                            128,367    137,289      -8,922        -6.5   160  132       205
26 46000 Lansing city, MI                             127,716    126,932         784         0.6   161  145       160
06 77000 Sunnyvale city, CA                           127,324    117,311      10,013         8.5   162  157        92
06 53980 Orange city, CA                              125,686    110,641      15,045        13.6   163  173        62
26 76460 Sterling Heights city, MI                    124,571    117,814       6,757         5.7   164  156       112
20 71000 Topeka city, KS                              124,529    120,847       3,682         3.0   165  152       137
06 40130 Lancaster city, CA                           123,962     98,445      25,517        25.9   166  205        25
06 59451 Rancho Cucamonga city, CA                    123,724    101,385      22,339        22.0   167  197        32
06 64224 Salinas city, CA                             123,607    108,863      14,744        13.5   168  178        64
06 28000 Fullerton city, CA                           123,243    113,419       9,824         8.7   169  165        91
17 51622 Naperville city, IL                          122,993     86,958      36,035        41.4   170  215        12
06 22804 Escondido city, CA                           122,544    109,026      13,518        12.4   171  177        68
09 52000 New Haven city, CT                           122,195    130,191      -7,996        -6.1   172  141       199
18 22000 Evansville city, IN                          121,864    126,172      -4,308        -3.4   173  146       183
12 55775 Pembroke Pines city, FL                      121,279     65,454      55,825        85.3   174  222         4
06 16350 Corona city, CA                              119,594     76,181      43,413        57.0   175  221         7
06 78582 Thousand Oaks city, CA                       119,192    104,000      15,192        14.6   176  190        52
53 74060 Vancouver city, WA                           118,743    104,531      14,212        13.6   177  189        63
06 16000 Concord city, CA                             117,891    111,197       6,694         6.0   178  170       111
17 72000 Springfield city, IL                         117,876    107,265      10,611         9.9   179  184        81
29 35000 Independence city, MO                        117,545    112,402       5,143         4.6   180  167       119
51 01000 Alexandria city, VA                          117,390    111,183       6,207         5.6   181  171       113
22 40735 Lafayette city, LA                           116,806    102,529      14,277        13.9   182  194        57
46 59020 Sioux Falls city, SD                         116,720    101,461      15,259        15.0   183  196        50
48 47892 Mesquite city, TX                            116,179    101,753      14,426        14.2   184  195        55
12 14400 Coral Springs city, FL                       116,136     79,137      36,999        46.8   185  218         9
19 12000 Cedar Rapids city, IA                        115,777    108,854       6,923         6.4   186  179       108
48 30464 Grand Prairie city, TX                       114,906     99,496      15,410        15.5   187  201        49
06 24680 Fontana city, CA                             114,882     87,868      27,014        30.7   188  212        16
06 72016 Simi Valley city, CA                         114,247    100,311      13,936        13.9   189  199        59
06 81666 Vallejo city, CA                             114,204    110,835       3,369         3.0   190  172       138
06 36546 Inglewood city, CA                           113,607    110,454       3,153         2.9   191  174       141
08 27425 Fort Collins city, CO                        113,432     88,899      24,533        27.6   192  211        22
13 49000 Macon city, GA                               113,336    106,590       6,746         6.3   193  186       110
06 22230 El Monte city, CA                            112,885    106,154       6,731         6.3   194  187       109
45 16000 Columbia city, SC                            111,821    114,462      -2,641        -2.3   195  161       175
06 55156 Palmdale city, CA                            111,272     77,296      33,976        44.0   196  219        11
17 59000 Peoria city, IL                              111,127    113,822      -2,695        -2.4   197  164       176
09 73000 Stamford city, CT                            110,802    108,107       2,695         2.5   198  183       145
49 62470 Provo city, UT                               110,690     87,136      23,554        27.0   199  213        24
34 21000 Elizabeth city, NJ                           110,586    110,138         448         0.4   200  176       164
48 45384 McAllen city, TX                             110,292     85,623      24,669        28.8   201  216        18
18 27000 Gary city, IN                                110,271    116,587      -6,316        -5.4   202  158       193
26 03000 Ann Arbor city, MI                           109,750    110,168        -418        -0.4   203  175       167
48 07000 Beaumont city, TX                            109,697    114,417      -4,720        -4.1   204  162       187
48 01000 Abilene city, TX                             108,995    106,925       2,070         1.9   205  185       148
48 76000 Waco city, TX                                108,520    103,924       4,596         4.4   206  191       121
06 06000 Berkeley city, CA                            108,319    102,847       5,472         5.3   207  193       115
37 22920 Fayetteville city, NC                        106,970    112,644      -5,674        -5.0   208  166       189
53 05210 Bellevue city, WA                            105,521     98,628       6,893         7.0   209  204       101
09 80000 Waterbury city, CT                           104,263    108,213      -3,950        -3.7   210  182       184
06 16532 Costa Mesa city, CA                          103,864     96,849       7,015         7.2   211  206        98
08 62000 Pueblo city, CO                              103,852     99,009       4,843         4.9   212  203       117
48 13024 Carrollton city, TX                          103,311     82,591      20,720        25.1   213  217        27
33 45140 Manchester city, NH                          102,830     99,217       3,613         3.6   214  202       131
49 83470 West Valley City city, UT                    102,718     86,999      15,719        18.1   215  214        45
49 67440 Sandy city, UT                               101,853     76,325      25,528        33.4   216  220        14
32 51800 North Las Vegas city, NV                     101,841     47,956      53,885       112.4   217  224         2
42 24000 Erie city, PA                                101,474    108,717      -7,243        -6.7   218  181       206
25 37000 Lowell city, MA                              101,103    103,428      -2,325        -2.2   219  192       174
26 49000 Livonia city, MI                             100,160    100,864        -704        -0.7   221  198       169
42 02000 Allentown city, PA                           100,160    105,473      -5,313        -5.0   221  188       190
06 65042 San Buenaventura (Ventura) city, CA          100,152     93,628       6,524         7.0   222  208       102
06 84200 West Covina city, CA                         100,106     95,915       4,191         4.4   223  207       122
06 69084 Santa Clara city, CA                         100,048     93,349       6,699         7.2   224  209        99

